Found 20 result.csv files for videoartgs/sapien

=== Per-scene metrics ===
 scene   angle  distance  joint_state_error  CD_whole  CD_dynamic  CD_static
100481 31.9393    7.7333            62.7123    0.2441     13.1343     0.8610
101284 26.3164    7.6386            12.6632    0.0101      1.3143     2.2441
101287  6.2171    3.1672             4.0931    0.0110      0.0081     0.0167
101808  3.7862    0.0620             0.2633    0.1049      0.0193     0.0976
101908  0.3717    0.0869             0.5444    0.0971      0.0127     0.0949
103015  0.1400    0.2541             0.2233    0.0480      0.0051     0.0450
103811 21.8922    0.0000             9.6669    0.4939     10.5037     2.8711
 10489  0.1495    0.1678             0.3310    0.0649      0.0102     0.0507
 10655  0.0245    0.2392             4.3498    0.0821      0.0127     0.0641
  1280  0.6095    0.4065             0.3641    0.0289      0.1319     0.1006
   168  5.3780   10.2521            29.5829    0.0268      1.5437     4.0816
 25493  0.1340    0.0000             0.2257    0.0604      0.1504     0.1125
 30666  4.1173    0.0000             4.6112    0.2078      1.8923     0.2352
 31249  0.0634    0.0248             0.2606    0.0941      0.0663     0.0906
 45194  9.3124    0.0585             2.6895    0.1659      0.8231     0.2601
 45503  0.0218    0.1273             0.3081    0.0838      0.0122     0.0708
 45612  0.2774    0.8419             0.5193    0.0726      0.0723     0.0860
 47648 24.8938    2.4879             8.7186    0.0638      1.2005     0.1989
  8961  0.0223    0.0323             0.2866    0.0361      0.0234     0.0173
  9016  0.0968    0.3361             0.3006    0.0326      0.0181     0.0275

=== Markdown table ===

| Method | Axis (deg) | Position (cm) | State (deg/cm) | CD-w (cm) | CD-m (cm) | CD-s (cm) |
|---|---|---|---|---|---|---|
| Ours (reproduced) (n=20) | 6.788 ± 10.454 | 1.696 ± 3.105 | 7.136 ± 14.841 | 0.101 ± 0.111 | 1.548 ± 3.589 | 0.581 ± 1.128 |
| Ours (paper) | 0.340 ± 0.800 | 0.100 ± 0.100 | — | 0.090 ± 0.090 | 0.260 ± 0.610 | 0.240 ± 0.580 |

