Found 20 result.csv files for videoartgs/sapien

=== Per-scene metrics ===
 scene   angle  distance  joint_state_error  CD_whole  CD_dynamic  CD_static
100481 81.1498   25.2067            60.4807    0.1673     24.6503     1.0443
101284 41.0463    8.5188            13.4842    0.0104      0.0120     0.2547
101287 43.9235    5.5444             4.3245    0.0132      0.1635     3.6283
101808  3.8125    0.0497             0.3587    0.1051      0.0267     0.0976
101908 10.5735    0.8769             1.2793    0.0923      0.0745     0.1094
103015  8.2499    0.1403             0.7097    0.0478      0.0145     0.0455
103811 44.2889    0.0000             9.4573    0.4753      4.9362     2.1928
 10489  0.0609    0.1833             0.3611    0.0638      0.0099     0.0506
 10655  0.0567    0.4028             4.3273    0.0936      0.0398     0.0663
  1280 27.6994    0.4664             4.7539    0.0246      0.0767     0.1035
   168 47.1039   12.1500            42.6294    0.0260      2.9216     6.5948
 25493 23.4025    0.0000             4.6139    0.0689      1.0255     0.2177
 30666 36.4265    0.0000             8.8768    0.2108     12.6240     0.2523
 31249  2.9177    0.1697             0.3891    0.0964      0.1671     0.1117
 45194 41.5051    0.0412             2.5309    0.1193      5.8801     1.4127
 45503 26.6131    2.6658             1.9434    0.0826      0.0176     0.1419
 45612 73.0654   13.0618             7.6875    0.0828      5.1737     0.6225
 47648 49.1720    9.7514            11.7343    0.0644     24.8000     0.1265
  8961  0.0208    0.0202             0.2597    0.0359      0.0225     0.0177
  9016  0.0958    0.3036             0.3012    0.0329      0.0174     0.0300

=== Markdown table ===

| Method | Axis (deg) | Position (cm) | State (deg/cm) | CD-w (cm) | CD-m (cm) | CD-s (cm) |
|---|---|---|---|---|---|---|
| Ours (reproduced) (n=20) | 28.059 ± 24.778 | 3.978 ± 6.665 | 9.025 ± 15.368 | 0.096 ± 0.103 | 4.133 ± 7.732 | 0.856 ± 1.631 |
| Ours (paper) | 0.340 ± 0.800 | 0.100 ± 0.100 | — | 0.090 ± 0.090 | 0.260 ± 0.610 | 0.240 ± 0.580 |

