Found 20 result.csv files for videoartgs/sapien

=== Per-scene metrics ===
 scene   angle  distance  joint_state_error  CD_whole  CD_dynamic  CD_static
100481 12.6792   11.8603            63.1900    0.1345      7.1499     1.2623
101284 24.8117    5.2010            12.5992    0.0102      1.1524     2.3315
101287  5.7475    4.0749             4.1570    0.0100      0.0043     0.0072
101808  3.8066    0.0458             0.2814    0.1066      0.0196     0.0983
101908  0.1240    0.1046             0.5387    0.0974      0.0127     0.0939
103015  0.1557    0.2393             0.2212    0.0475      0.0052     0.0444
103811 21.7415    0.0000             9.3717    0.5661     10.1270     3.0909
 10489  0.0924    0.2208             0.3273    0.0646      0.0099     0.0506
 10655  0.0158    0.1445             3.4215    0.0826      0.0128     0.0643
  1280  0.3787    0.3919             0.4892    0.0303      0.1283     0.0999
   168  0.3641    8.4881            21.6110    0.0267      1.5604     5.0934
 25493  0.1235    0.0000             0.0692    0.0616      0.1481     0.1138
 30666  4.8739    0.0000             4.9184    0.1954      3.1610     0.2481
 31249  0.0716    0.0334             0.3504    0.0956      0.0669     0.0943
 45194  7.6103    0.0491             2.7420    0.1586      0.8314     0.2362
 45503  0.0237    0.1224             0.4319    0.0840      0.0127     0.0710
 45612  0.1814    0.8333             0.4823    0.0729      0.0714     0.0894
 47648 21.6477    1.2710            13.9287    0.0693      5.2556     0.1621
  8961  0.0158    0.0647             0.2748    0.0358      0.0232     0.0177
  9016  0.0888    0.4097             1.4656    0.0324      0.0191     0.0320

=== Markdown table ===

| Method | Axis (deg) | Position (cm) | State (deg/cm) | CD-w (cm) | CD-m (cm) | CD-s (cm) |
|---|---|---|---|---|---|---|
| Ours (reproduced) (n=20) | 5.228 ± 8.274 | 1.678 ± 3.268 | 7.044 ± 14.460 | 0.099 ± 0.120 | 1.489 ± 2.824 | 0.665 ± 1.336 |
| Ours (paper) | 0.340 ± 0.800 | 0.100 ± 0.100 | — | 0.090 ± 0.090 | 0.260 ± 0.610 | 0.240 ± 0.580 |

