Found 20 result.csv files for videoartgs/sapien

=== Per-scene metrics ===
 scene  angle  distance  joint_state_error  CD_whole  CD_dynamic  CD_static
100481 0.0134    0.0178             0.0902    0.1037      0.0199     0.1031
101284 0.1034    0.0686             0.0667    0.0099      0.0034     0.0083
101287 0.2506    0.0513             0.0336    0.0099      0.0034     0.0067
101808 3.7933    0.0667             0.2569    0.1036      0.0167     0.0967
101908 0.1104    0.0951             0.2272    0.0957      0.0126     0.0943
103015 0.1610    0.2247             0.3435    0.0480      0.0104     0.0448
103811 0.2342    0.0000             3.9519    0.4967      3.7152     0.5570
 10489 0.0878    0.2346             0.2846    0.0661      0.0088     0.0524
 10655 0.0150    0.1645             0.3375    0.0826      0.0134     0.0650
  1280 0.7231    0.3292             0.3372    0.0295      0.0888     0.0897
   168 0.4328    0.1591             0.2051    0.0281      1.0380     3.1172
 25493 0.1082    0.0000             0.0792    0.0609      0.1570     0.1113
 30666 0.1309    0.0000             0.5005    0.1844      1.1252     0.2226
 31249 0.0716    0.0118             0.1551    0.0958      0.1937     0.1055
 45194 0.0932    0.0287             0.1451    0.1021      0.0127     0.0846
 45503 0.0189    0.0912             0.2635    0.0832      0.0116     0.0705
 45612 0.1160    0.0511             0.2602    0.0738      0.0173     0.0608
 47648 0.2064    0.0677             0.5030    0.0615      0.2630     0.0599
  8961 0.0215    0.0397             0.2584    0.0359      0.0224     0.0178
  9016 0.0962    0.3188             0.2672    0.0322      0.0147     0.0254

=== Markdown table ===

| Method | Axis (deg) | Position (cm) | State (deg/cm) | CD-w (cm) | CD-m (cm) | CD-s (cm) |
|---|---|---|---|---|---|---|
| Ours (reproduced) (n=20) | 0.339 ± 0.830 | 0.101 ± 0.103 | 0.428 ± 0.839 | 0.090 ± 0.104 | 0.337 ± 0.859 | 0.250 ± 0.685 |
| Ours (paper) | 0.340 ± 0.800 | 0.100 ± 0.100 | — | 0.090 ± 0.090 | 0.260 ± 0.610 | 0.240 ± 0.580 |

