Found 19 result.csv files for videoartgs/sapien

=== Per-scene metrics ===
 scene  angle  distance  joint_state_error  CD_whole  CD_dynamic  CD_static
100481 0.0152    0.0218             0.0861    0.1049      0.0374     0.1023
101284 0.6615    0.0343             2.5727    0.0099      0.0035     0.0083
101287 0.2192    0.0564             0.0429    0.0099      0.0036     0.0066
101808 3.7960    0.0723             0.2612    0.1034      0.0167     0.0969
101908 0.1103    0.0901             0.2274    0.0951      0.0126     0.0917
103015 0.1774    0.1973             0.3456    0.0476      0.0071     0.0447
103811 0.1727    0.0000             3.6789    0.4559      2.9715     0.5598
 10489 0.0821    0.2708             0.2843    0.0641      0.0089     0.0505
 10655 0.0126    0.1618             0.3439    0.0825      0.0134     0.0637
  1280 0.6128    0.3397             0.3359    0.0294      0.1071     0.0968
   168 0.2728    0.2799             1.6999    0.0510      0.2964     2.6000
 25493 0.1143    0.0000             0.0848    0.0614      0.1744     0.1109
 30666 0.1218    0.0000             0.1275    0.1902      1.1865     0.2333
 31249 0.0722    0.0101             0.2076    0.0959      0.2620     0.1081
 45503 0.0169    0.1046             0.3245    0.0827      0.0116     0.0693
 45612 0.1187    0.0435             0.2718    0.0731      0.0296     0.0748
 47648 0.2245    0.0746             0.5074    0.0620      0.2699     0.0606
  8961 0.0179    0.0282             0.2422    0.0360      0.0227     0.0182
  9016 0.0897    0.3314             0.2688    0.0323      0.0149     0.0275

=== Markdown table ===

| Method | Axis (deg) | Position (cm) | State (deg/cm) | CD-w (cm) | CD-m (cm) | CD-s (cm) |
|---|---|---|---|---|---|---|
| Ours (reproduced) (n=19) | 0.364 ± 0.850 | 0.111 ± 0.116 | 0.627 ± 0.965 | 0.089 ± 0.098 | 0.287 ± 0.705 | 0.233 ± 0.586 |
| Ours (paper) | 0.340 ± 0.800 | 0.100 ± 0.100 | — | 0.090 ± 0.090 | 0.260 ± 0.610 | 0.240 ± 0.580 |

