Found 20 result.csv files for videoartgs/sapien

=== Per-scene metrics ===
 scene   angle  distance  joint_state_error  CD_whole  CD_dynamic  CD_static
100481 14.5099   29.9445            63.1632    0.1552      5.4946     0.7968
101284  7.4733   27.1893            12.9807    0.0101      1.2523     2.1932
101287  4.6306    3.5256             4.5766    0.0104      0.0117     0.0150
101808  3.8135    0.0830             0.2570    0.1054      0.0217     0.0963
101908  0.1583    0.0891             0.3574    0.0961      0.0127     0.0935
103015  0.1292    0.1872             0.2012    0.0483      0.0092     0.0458
103811 11.5295    0.0000            13.4346    0.5044     12.8021     2.4667
 10489  0.1023    0.2120             0.3350    0.0636      0.0098     0.0504
 10655  0.0231    0.2328             5.8871    0.0833      0.0126     0.0636
  1280  0.5748    0.4399             0.7691    0.0312      0.1410     0.1011
   168  5.3329    9.9781            30.3161    0.0249      1.4895     4.0029
 25493  0.1139    0.0000             0.3509    0.0630      0.1541     0.1143
 30666  5.7374    0.0000             3.3429    0.2076      4.4949     0.2687
 31249  0.0735    0.0278             0.2959    0.0951      0.0765     0.0936
 45194 20.8727    0.0418             2.5757    0.1507      0.5219     0.2594
 45503  0.0213    0.1321             0.3065    0.0837      0.0124     0.0710
 45612  2.1034    2.3509             1.5658    0.0734      0.3347     0.1648
 47648  0.8264    0.4331             4.2737    0.0662      0.4881     0.0794
  8961  0.0127    0.0836             0.2234    0.0359      0.0245     0.0176
  9016  0.0953    0.3476             0.3423    0.0326      0.0187     0.0275

=== Markdown table ===

| Method | Axis (deg) | Position (cm) | State (deg/cm) | CD-w (cm) | CD-m (cm) | CD-s (cm) |
|---|---|---|---|---|---|---|
| Ours (reproduced) (n=20) | 3.907 ± 5.770 | 3.765 ± 8.798 | 7.278 ± 15.033 | 0.097 ± 0.108 | 1.369 ± 3.089 | 0.551 ± 1.069 |
| Ours (paper) | 0.340 ± 0.800 | 0.100 ± 0.100 | — | 0.090 ± 0.090 | 0.260 ± 0.610 | 0.240 ± 0.580 |

