Found 20 result.csv files for videoartgs/sapien

=== Per-scene metrics ===
 scene   angle  distance  joint_state_error  CD_whole  CD_dynamic  CD_static
100481 17.1719   25.2377            62.9059    0.1096      2.7949     0.7652
101284  7.5854    2.3473            12.0360    0.0128      0.0228     0.1211
101287  0.1168    0.0461             1.8177    0.0101      0.0041     0.0066
101808  3.7936    0.0707             0.2372    0.1046      0.0182     0.0977
101908  0.2158    0.3387             1.1726    0.0916      0.0131     0.0886
103015  0.1620    0.3671             0.3656    0.0480      0.0139     0.0454
103811  3.4674    0.0000            10.9413    0.5355      4.8680     0.6205
 10489  0.0991    0.2575             0.3199    0.0638      0.0092     0.0509
 10655  0.0433    0.3077             3.0947    0.0866      0.0285     0.0642
  1280  0.2797    0.1310             0.4698    0.0295      0.1101     0.0905
   168  2.6628    4.3908            24.2604    0.0328      1.1961     2.4238
 25493 11.9323    0.0000             4.7005    0.0838      4.5063     0.1957
 30666 15.4278    0.0000             8.1571    0.2162     13.2802     0.3097
 31249  0.0635    0.0269             0.5393    0.0948      0.0528     0.0932
 45194 16.2567    0.0421             3.1895    0.1543      1.5359     0.9722
 45503  0.0224    0.1265             0.3081    0.0832      0.0120     0.0707
 45612  0.5160    0.5678             0.4836    0.0750      0.0235     0.0644
 47648  2.8494    0.7891             1.6102    0.0621      0.7579     0.0809
  8961  0.0226    0.0400             0.2614    0.0360      0.0235     0.0173
  9016  0.0907    0.3426             0.3010    0.0330      0.0193     0.0338

=== Markdown table ===

| Method | Axis (deg) | Position (cm) | State (deg/cm) | CD-w (cm) | CD-m (cm) | CD-s (cm) |
|---|---|---|---|---|---|---|
| Ours (reproduced) (n=20) | 4.139 ± 6.055 | 1.771 ± 5.622 | 6.859 ± 14.485 | 0.098 ± 0.114 | 1.465 ± 3.159 | 0.311 ± 0.565 |
| Ours (paper) | 0.340 ± 0.800 | 0.100 ± 0.100 | — | 0.090 ± 0.090 | 0.260 ± 0.610 | 0.240 ± 0.580 |

