Found 20 result.csv files for videoartgs/sapien

=== Per-scene metrics ===
 scene  angle  distance  joint_state_error  CD_whole  CD_dynamic  CD_static
100481 0.0160    0.0276             0.0688    0.1005      0.0343     0.1001
101284 0.1633    0.1083             0.0414    0.0098      0.0033     0.0083
101287 0.2168    0.0557             0.0342    0.0099      0.0034     0.0067
101808 3.7911    0.0748             0.2595    0.1056      0.0167     0.0992
101908 0.1129    0.0789             0.2338    0.0943      0.0126     0.0928
103015 0.1858    0.2040             0.3446    0.0480      0.0091     0.0448
103811 0.1485    0.0000             3.4909    0.5220      2.7241     0.5933
 10489 0.0885    0.2318             0.2664    0.0647      0.0088     0.0513
 10655 0.0185    0.2038             0.3328    0.0821      0.0135     0.0648
  1280 0.6237    0.3144             0.3368    0.0332      0.1526     0.1023
   168 0.4401    0.1500             0.1851    0.0269      1.0339     2.9910
 25493 0.1137    0.0000             0.0751    0.0612      0.1598     0.1102
 30666 0.1242    0.0000             0.1180    0.1798      1.2266     0.2191
 31249 0.0695    0.0052             0.2081    0.0952      0.2016     0.1095
 45194 0.0923    0.0211             0.1360    0.1029      0.0135     0.0838
 45503 0.0183    0.0782             0.3176    0.0825      0.0116     0.0707
 45612 0.1235    0.0423             0.2686    0.0728      0.0157     0.0610
 47648 0.2304    0.0666             0.5036    0.0612      0.2590     0.0604
  8961 0.0180    0.0303             0.2481    0.0359      0.0230     0.0181
  9016 0.0925    0.3249             0.2661    0.0326      0.0151     0.0260

=== Markdown table ===

| Method | Axis (deg) | Position (cm) | State (deg/cm) | CD-w (cm) | CD-m (cm) | CD-s (cm) |
|---|---|---|---|---|---|---|
| Ours (reproduced) (n=20) | 0.334 ± 0.827 | 0.101 ± 0.103 | 0.387 ± 0.740 | 0.091 ± 0.109 | 0.297 ± 0.665 | 0.246 ± 0.658 |
| Ours (paper) | 0.340 ± 0.800 | 0.100 ± 0.100 | — | 0.090 ± 0.090 | 0.260 ± 0.610 | 0.240 ± 0.580 |

